LEASAT 5                
1 20410U 90002B   14298.83204072 -.00000073  00000-0  00000+0 0  2687
2 20410  11.0522  20.1507 0004430 187.8530 197.6862  1.00273556 76054
INTELSAT 603 (IS-603)   
1 20523U 90021A   14299.33413903 -.00000235  00000-0  00000+0 0  6161
2 20523  10.4316  43.9888 0005865 149.9951 240.4099  1.00272789 83062
INTELSAT 701 (IS-701)   
1 22871U 93066A   14299.55536255 -.00000215  00000-0  00000+0 0  5393
2 22871   2.3201  72.4915 0003913 159.0393 333.7819  1.00271517 76814
INTELSAT 702 (IS-702)   
1 23124U 94034A   14299.71205074  .00000153  00000-0  10000-3 0  3462
2 23124   2.6708  71.0252 0003230 173.4799  79.7576  1.00274149 88748
INTELSAT 706 (IS-706)   
1 23571U 95023A   14299.62687008 -.00000141  00000-0  00000+0 0  1841
2 23571   2.6025  70.9965 0003571 140.5720 205.9553  1.00271692 71168
INTELSAT 26 (IS-26)     
1 24732U 97007A   14299.63562028 -.00000005  00000-0  00000+0 0  8172
2 24732   5.8399  57.8583 0003540 175.9419  95.7853  1.00274338 64687
GALAXY 25 (G-25)        
1 24812U 97026A   14299.58200806 -.00000165  00000-0  00000+0 0  9425
2 24812   0.0074 144.2159 0002473  75.6741 291.4433  1.00271912 63763
INTELSAT 5 (IS-5)       
1 24916U 97046A   14299.62687008 -.00000139  00000-0  10000-3 0    67
2 24916   1.6310  76.1117 0001781 131.2165 210.3115  1.00272020 62997
INTELSAT 805 (IS-805)   
1 25371U 98037A   14299.28849707 -.00000287  00000-0  10000-3 0  5038
2 25371   0.0433  67.8823 0002950 136.2903 238.8191  1.00271875 59933
INTELSAT 7 (IS-7)       
1 25473U 98052A   14300.09181247 -.00000056  00000-0  00000+0 0   650
2 25473   1.2119  78.8179 0005758 123.6730 222.9587  1.00126663 59019
AFRISTAR                
1 25515U 98063A   14299.70238116  .00000126  00000-0  00000+0 0  6116
2 25515   1.6621  73.7067 0005019  50.1924 185.0143  1.00270034 58554
INTELSAT 8 (IS-8)       
1 25522U 98065A   14298.51061133 -.00000031  00000-0  00000+0 0  8070
2 25522   0.0044 231.6337 0002792 335.1796 179.8459  1.00272507 58522
GALAXY 26 (G-26)        
1 25626U 99005A   14300.09181247 -.00000184  00000-0  00000+0 0  5847
2 25626   2.7944  85.7858 0005335  88.0786 251.7584  0.98999324 57482
GALAXY 27 (G-27)        
1 25922U 99052A   14299.06170762 -.00000005  00000-0  00000+0 0  6294
2 25922   1.2846  77.9635 0003421 149.8046 255.0493  1.00273510 55256
DIRECTV 1R              
1 25937U 99056A   14300.23708800 -.00000146  00000-0  00000+0 0  9026
2 25937   1.8886  74.1772 0006337 127.8421 215.1263  0.98959488 55113
GALAXY 11 (G-11)        
1 26038U 99071A   14300.34149861 -.00000289  00000-0  10000-3 0  9937
2 26038   0.0117 313.3082 0000441  28.7740 120.9081  1.00269583 54483
SIRIUS-1                
1 26390U 00035A   14299.44671760 -.00000006  00000-0  00000+0 0  4067
2 26390  59.9502 238.2048 2643662 269.7621 312.0013  1.00276596 52464
INTELSAT 9 (IS-9)       
1 26451U 00043A   14299.16963911 -.00000270  00000-0  10000-3 0  4063
2 26451   1.6167  76.3553 0003104 142.0760 194.0496  1.00271894 52202
SIRIUS-2                
1 26483U 00051A   14299.39032302  .00000146  00000-0  00000+0 0   201
2 26483  64.2586 118.3310 2693438 269.0107  53.2129  1.00280957 51799
INTELSAT 12 (IS-12)     
1 26590U 00068A   14298.58539168  .00000135  00000-0  00000+0 0  3391
2 26590   0.0289 354.7281 0003111 221.4888  73.4493  1.00274248 51231
INTELSAT 1R (IS-1R)     
1 26608U 00072A   14297.25019905 -.00000283  00000-0  00000+0 0  9662
2 26608   0.0350  27.9341 0003243  71.7747 332.9850  1.00271412 51030
SIRIUS-3                
1 26626U 00077A   14299.35536627 -.00000094  00000-0  00000+0 0  3760
2 26626  64.5078 358.3730 2689240 269.9062 158.9619  1.00275916 50935
XM-2 (ROCK)             
1 26724U 01012A   14292.35815028 -.00000265  00000-0  00000+0 0  9527
2 26724   0.1723  55.5974 0001188  96.3338 334.6413  0.99795420 49834
XM-1 (ROLL)             
1 26761U 01018A   14300.46668368 -.00000027  00000-0  10000-3 0  8181
2 26761   0.1529 260.9367 0003398 321.7023 225.8884  1.00273112 49406
INTELSAT 10 (IS-10)     
1 26766U 01019A   14299.18359891  .00000125  00000-0  00000+0 0  6632
2 26766   0.0182 271.2647 0002040 304.2836 292.5632  1.00272910 49296
INTELSAT 901 (IS-901)   
1 26824U 01024A   14297.11906231 -.00000141  00000-0  00000+0 0  4323
2 26824   0.0342 280.9383 0002645 280.4605 215.9309  1.00271604 49012
INTELSAT 902 (IS-902)   
1 26900U 01039A   14298.61814988  .00000032  00000-0  00000+0 0  4224
2 26900   0.0307 275.5854 0003441 309.4507  93.4501  1.00272572 48162
DIRECTV 4S              
1 26985U 01052A   14300.19586644 -.00000116  00000-0  00000+0 0  4509
2 26985   0.0141 254.0588 0002339   7.1092 103.6374  1.00270488 47371
INTELSAT 904 (IS-904)   
1 27380U 02007A   14299.68059411  .00000046  00000-0  10000-3 0  5538
2 27380   0.0228 305.2082 0002681 261.7078 133.0976  1.00273221 46469
INTELSAT 903 (IS-903)   
1 27403U 02016A   14299.46469513 -.00000240  00000-0  00000+0 0  1378
2 27403   0.0163 290.9732 0003000 282.2651 314.3431  1.00271090 46064
DIRECTV 5 (TEMPO 1)     
1 27426U 02023A   14300.49994443 -.00000060  00000-0  10000-3 0  5720
2 27426   0.0099 260.3644 0002783 305.2224 260.0869  1.00271687 45703
INTELSAT 905 (IS-905)   
1 27438U 02027A   14297.12839056 -.00000185  00000-0  00000+0 0  9749
2 27438   0.0045 271.9368 0002982 291.3189 210.9616  1.00271818 45377
GALAXY 3C (G-3C)        
1 27445U 02030A   14300.49077206 -.00000155  00000-0  10000-3 0  1673
2 27445   0.0130 137.6370 0000390 226.7427 113.0502  1.00272056 45337
INTELSAT 906 (IS-906)   
1 27513U 02041A   14299.06166188  .00000013  00000-0  00000+0 0  2251
2 27513   0.0401  15.7362 0002247 210.5789 254.4252  1.00273501 44467
INTELSAT 907 (IS-907)   
1 27683U 03007A   14299.15426907 -.00000203  00000-0  00000+0 0  7538
2 27683   0.0223  12.8668 0002795 201.2790 208.3766  1.00271631 42818
GALAXY 12 (G-12)        
1 27715U 03013B   14299.59096670  .00000056  00000-0  10000-3 0  1005
2 27715   0.0560  59.8567 0001959 154.9004 263.9039  1.00273235 42373
GALAXY 23 (G-23)        
1 27854U 03034A   14297.39572990  .00000012  00000-0  00000+0 0   457
2 27854   0.0027 273.8429 0002782 301.6607 198.7112  1.00272808 41040
GALAXY 13 (HORIZONS-1)  
1 27954U 03044A   14298.41248347  .00000047  00000-0  00000+0 0  9333
2 27954   0.0178  63.1499 0001559 202.9822 149.1016  1.00274030 40588
DIRECTV 7S              
1 28238U 04016A   14299.17974434 -.00000001  00000-0  00000+0 0  1575
2 28238   0.0305 349.5817 0002567 228.6745 121.8958  1.00272628 38445
INTELSAT 10-02          
1 28358U 04022A   14299.31998434 -.00000012  00000-0  10000-3 0  9358
2 28358   0.0083 229.6945 0000513  23.9225 255.2482  1.00271632 37996
XM-3 (RHYTHM)           
1 28626U 05008A   14299.45695742 -.00000208  00000-0  10000-3 0  7515
2 28626   0.0105 345.3409 0000210   8.2958 120.5517  1.00271867 35433
SPACEWAY 1              
1 28644U 05015A   14300.19008479 -.00000106  00000-0  00000+0 0   225
2 28644   0.0040 317.8539 0000366 228.5889 174.5717  1.00271022 34894
DIRECTV 8               
1 28659U 05019A   14300.59279851 -.00000120  00000-0  00000+0 0   881
2 28659   0.0123 305.5220 0003301 263.0573 299.8790  1.00272076 34565
GALAXY 28 (G-28)        
1 28702U 05022A   14297.04134205 -.00000186  00000-0  00000+0 0  8343
2 28702   0.0069 337.7839 0001169 184.6757 155.8215  1.00271638 34227
GALAXY 14 (G-14)        
1 28790U 05030A   14298.51331075  .00000036  00000-0  10000-3 0  8861
2 28790   0.0331  27.8785 0002255 182.3621 243.4058  1.00272273 33667
GALAXY 15 (G-15)        
1 28884U 05041A   14298.52939047  .00000078  00000-0  00000+0 0  8503
2 28884   0.0223 318.2462 0001882 278.0536 215.1554  1.00273730 33041
SPACEWAY 2              
1 28903U 05046B   14300.16428727 -.00000130  00000-0  00000+0 0  8580
2 28903   0.0276  32.8618 0000023 304.7313  17.9117  1.00271877 32861
GALAXY 16 (G-16)        
1 29236U 06023A   14300.16428731 -.00000130  00000-0  10000-3 0  8621
2 29236   0.0063 230.8392 0002901 343.1895 141.5905  1.00271997 30638
DIRECTV 9S              
1 29494U 06043A   14300.23116931 -.00000117  00000-0  00000+0 0  7408
2 29494   0.0040 245.1368 0003096 330.3733 162.1603  1.00272177 29482
XM-4 (BLUES)            
1 29520U 06049A   14299.34450201 -.00000025  00000-0  10000-3 0  3739
2 29520   0.0113 138.3390 0000068 238.0103  27.1121  1.00272982 29379
GALAXY 17 (G-17)        
1 31307U 07016B   14298.33825852 -.00000175  00000-0  00000+0 0  4996
2 31307   0.0299  31.7994 0003586 198.3449 194.3069  1.00271364 27431
DIRECTV 10              
1 31862U 07032A   14300.19008450 -.00000106  00000-0  00000+0 0  5417
2 31862   0.0608  55.0542 0000123 197.1914 108.8730  1.00271858 26787
SPACEWAY 3              
1 32018U 07036A   14300.16874137 -.00000155  00000-0  10000-3 0  4446
2 32018   0.0369  48.7495 0000316 264.8794  47.6309  1.00271130 26508
INTELSAT 11 (IS-11)     
1 32253U 07044B   14299.16963911 -.00000270  00000-0  10000-3 0  2392
2 32253   0.0074 263.7851 0002818 318.1433 190.6289  1.00270753 25896
HORIZONS-2              
1 32388U 07063B   14299.80193076 -.00000185  00000-0  10000-3 0  4139
2 32388   0.0027 282.2471 0002678 305.2877 181.1314  1.00271128 25251
DIRECTV 11              
1 32729U 08013A   14300.16428758 -.00000129  00000-0  00000+0 0  4902
2 32729   0.0218 117.4157 0000526 286.4950 311.4894  1.00271700 24306
GALAXY 18 (G-18)        
1 32951U 08024A   14297.39873853  .00000024  00000-0  00000+0 0  1305
2 32951   0.0101 214.1855 0002991 359.1708 199.9349  1.00273535 23504
INTELSAT 25 (IS-25)     
1 33153U 08034A   14299.47449524 -.00000225  00000-0  00000+0 0  1692
2 33153   0.0207 258.1492 0002623 310.9818 324.9931  1.00271925 23081
GALAXY 19 (G-19)        
1 33376U 08045A   14298.51143377 -.00000140  00000-0  00000+0 0  1957
2 33376   0.0327  88.5233 0003331 133.4500 258.9940  1.00270797 22274
SIRIUS FM-5             
1 35493U 09034A   14299.20846118 -.00000147  00000-0  00000+0 0    11
2 35493   0.0056 274.7472 0001398 116.2047 342.6186  1.00271437 19467
INTELSAT 14 (IS-14)     
1 36097U 09064A   14298.44188233 -.00000274  00000-0  00000+0 0   119
2 36097   0.0071 257.1878 0002393 321.2594 289.4044  1.00272608 18068
INTELSAT 15 (IS-15)     
1 36106U 09067A   14300.06383792 -.00000188  00000-0  10000-3 0  1976
2 36106   0.0047 277.7488 0002294 315.0214 270.7346  1.00271440 17977
DIRECTV 12              
1 36131U 09075A   14300.54195117 -.00000107  00000-0  00000+0 0  3336
2 36131   0.0023 316.4745 0000394 280.8932 250.8316  1.00272226 17767
INTELSAT 16 (IS-16)     
1 36397U 10006A   14300.53747230 -.00000238  00000-0  00000+0 0  9975
2 36397   0.0228 330.6346 0001290 214.1708 325.5390  1.00271813 17189
XM-5                    
1 37185U 10053A   14299.45695745 -.00000207  00000-0  10000-3 0   358
2 37185   0.0236 272.2896 0002909 112.2066  89.5741  1.00271085 14824
INTELSAT 17 (IS-17)     
1 37238U 10065B   14298.61824898 -.00000003  00000-0  00000+0 0  8403
2 37238   0.0448  88.9644 0002998 127.2426 106.3214  1.00273644 14337
INTELSAT NEW DAWN       
1 37392U 11016A   14297.88024715  .00000155  00000-0  10000-3 0  8478
2 37392   0.0095 247.9645 0001303  33.9960 100.9288  1.00271018 12892
INTELSAT 18 (IS-18)     
1 37834U 11056A   14300.33764877  .00000050  00000-0  00000+0 0  7285
2 37834   0.0028 267.3751 0001958 300.6136 129.2275  1.00273009 11282
INTELSAT 22 (IS-22)     
1 38098U 12011A   14297.75970840 -.00000060  00000-0  00000+0 0  5965
2 38098   0.0461  17.9156 0002763 206.6226 154.1659  1.00272903  9488
INTELSAT 19 (IS-19)     
1 38356U 12030A   14298.72442560 -.00000057  00000-0  00000+0 0  6893
2 38356   0.0166 325.9336 0003140 253.3180 241.6073  1.00273024  8900
INTELSAT 20 (IS-20)     
1 38740U 12043A   14297.91722529 -.00000026  00000-0  00000+0 0  6391
2 38740   0.0084 274.2782 0001712  62.9679  94.7081  1.00273002  8189
INTELSAT 21 (IS-21)     
1 38749U 12045A   14299.06552528 -.00000286  00000-0  00000+0 0  4880
2 38749   0.0079  45.5178 0002576 176.4218 138.0406  1.00267078  8021
INTELSAT 23 (IS-23)     
1 38867U 12057A   14299.05169472 -.00000286  00000-0  00000+0 0  4548
2 38867   0.0205  35.7547 0002765 199.9993 124.2198  1.00265695  7481
SIRIUS FM-6             
1 39360U 13058A   14300.18535965  .00000006  00000-0  00000+0 0  3447
2 39360   0.0376  13.2634 0001379 327.5674   0.9042  1.00272919  3719
INTELSAT 30 (IS-30)     
1 40271U 14062A   14300.04018855  .00000073  00000-0  00000+0 0   165
2 40271   0.0411 265.6595 0020749 109.1007 262.9153  1.00256337   140
