MTI                     
1 26102U 00014A   14346.84750216  .00015106  00000-0  51683-3 0  7286
2 26102  97.4669 115.7133 0012472 332.1894 186.3557 15.30273650813303
CFESAT                  
1 30777U 07006F   14345.76302823  .00010834  00000-0  50781-3 0   468
2 30777  35.4267 106.6697 0003343  23.1893 336.8978 15.18971872427564
NFIRE                   
1 31140U 07014A   14345.64411003  .00012319  00000-0  30679-3 0  2411
2 31140  48.2184 359.7859 0015716  17.1424  79.6229 15.40405206432903
SPIRALE A               
1 33751U 09008C   14345.43316620  .00003841  00000-0  10443-2 0  6221
2 33751   2.0930 350.3256 5636000  63.2098  30.9056  4.57178807 68696
SPIRALE B               
1 33752U 09008D   14345.06715329  .00016514  00000-0  26745-2 0  4456
2 33752   1.9402  90.5439 7075055 207.4299  82.2797  2.55539857 50515
SAPPHIRE                
1 39088U 13009C   14346.06017410  .00000192  00000-0  84738-4 0  6520
2 39088  98.6096 179.4215 0011801 130.7113 229.5101 14.33964116 93789