AKEBONO (EXOS-D)        
1 19822U 89016A   14298.73563696  .00032579 -82370-7  77191-3 0   594
2 19822  75.0495 273.5720 2200654 118.5224 322.5973 11.05454818798947
HST                     
1 20580U 90037B   14299.17896324  .00005074  00000-0  32780-3 0  1439
2 20580  28.4709 255.7351 0002929 246.4785 240.5179 15.06006882144488
POLAR                   
1 23802U 96013A   14298.92831310  .00000066  00000-0  00000+0 0  6285
2 23802  79.1761 294.2864 7265721   4.1208 359.5110  1.29842112 89638
SWAS                    
1 25560U 98071A   14298.76304743  .00003681  00000-0  37849-3 0  6811
2 25560  69.8999 165.5653 0009775 217.7964 142.2505 14.91178455861475
ORSTED                  
1 25635U 99008B   14298.78824957  .00001155  00000-0  28524-3 0  2484
2 25635  96.4813  54.1781 0141839  85.6662  74.6180 14.47334970826553
CXO                     
1 25867U 99040B   14300.12391388  .00000084  00000-0  00000+0 0   995
2 25867  77.0107 315.4621 7924649 272.4690 359.6864  0.37803408 12417
XMM-NEWTON              
1 25989U 99066A   14298.44067128  .00000357  00000-0  00000+0 0  7542
2 25989  65.6571  51.5887 7830764  93.5743   0.4046  0.50143307 16043
TERRA                   
1 25994U 99068A   14299.46686455  .00000815  00000-0  19087-3 0  7620
2 25994  98.2008  12.3110 0001392  99.3155 260.8201 14.57132067790183
CLUSTER II-FM6 (SALSA)  
1 26410U 00041A   14299.91613761  .00001117  00000-0  00000+0 0  2405
2 26410 133.4218 320.6734 6351725 131.5712   0.9071  0.44225759 13235
CLUSTER II-FM7 (SAMBA)  
1 26411U 00041B   14299.91878989  .00001117  00000-0  00000+0 0  2096
2 26411 133.4200 320.6695 6351539 131.5619   0.9273  0.44223584 13319
CLUSTER II-FM5 (RUMBA)  
1 26463U 00045A   14299.91925749  .00001137  00000-0  00000+0 0  1972
2 26463 136.2193 319.3860 6405526 133.1484   0.9715  0.44237550 13815
CLUSTER II-FM8 (TANGO)  
1 26464U 00045B   14299.92539182  .00001067  00000-0  00000+0 0  1147
2 26464 132.8178 322.6102 6804407 136.5540   0.9963  0.44264806 49153
ODIN                    
1 26702U 01007A   14299.46806886  .00006545  00000-0  49203-3 0  4116
2 26702  97.6485 310.5145 0013374  94.3235 265.9519 15.02834471746460
TIMED                   
1 26998U 01055B   14298.78223178  .00002556  00000-0  29183-3 0  9676
2 26998  74.0741  75.0178 0001702 323.0969  37.0094 14.86643302697933
RHESSI                  
1 27370U 02004A   14298.74463671  .00014037  00000-0  71027-3 0  5167
2 27370  38.0348 135.0439 0011630 169.9681 190.1319 15.16445853698901
INTEGRAL                
1 27540U 02048A   14297.81506738  .00001112  00000-0  00000+0 0  5409
2 27540  54.9098 230.3586 8523180 258.8432   0.5800  0.33287523 10839
CORIOLIS                
1 27640U 03001A   14298.64701538  .00000211  00000-0  12237-3 0  6169
2 27640  98.7553 305.4498 0014077 196.1782 301.6539 14.18753438611025
SORCE                   
1 27651U 03004A   14299.12737309  .00003919  00000-0  44861-3 0  5573
2 27651  39.9957 294.3771 0024991 300.1320  59.6992 14.86455285636993
MOST                    
1 27843U 03031D   14299.06481440  .00000207  00000-0  11692-3 0   715
2 27843  98.7178 304.9075 0008800 274.0219 137.1004 14.20414656586946
SCISAT 1                
1 27858U 03036A   14298.54499238  .00001490  00000-0  21928-3 0  3960
2 27858  73.9335 292.8421 0009480 262.0858 232.0947 14.76391180603222
SWIFT                   
1 28485U 04047A   14299.49049038  .00007781  00000-0  57941-3 0  8029
2 28485  20.5584  25.7735 0012131 318.6917  41.2599 14.99684004542922
SUZAKU (ASTRO-EII)      
1 28773U 05025A   14298.80218637  .00009497  00000-0  56647-3 0  3970
2 28773  31.3839  58.0634 0005604  48.8045  84.3456 15.09918803510949
FORMOSAT-3 FM6          
1 29047U 06011A   14298.67985080  .00000753  00000-0  31520-3 0  5116
2 29047  71.9816 356.7281 0051153  13.8186 346.4336 14.28092165446900
FORMOSAT-3 FM1          
1 29048U 06011B   14298.51172557  .00000770  00000-0  32308-3 0  5863
2 29048  71.9691 270.2730 0046157 328.3219 162.2918 14.28070313449364
FORMOSAT-3 FM5          
1 29049U 06011C   14298.93463253  .00000627  00000-0  26695-3 0  5162
2 29049  72.0217  69.4078 0035411  12.0330 126.5253 14.28082802445206
FORMOSAT-3 FM3          
1 29050U 06011D   14298.51399554  .00003286  00000-0  72706-3 0  8813
2 29050  72.0188  65.0734 0049343 109.8433 250.8047 14.57099536455818
FORMOSAT-3 FM4          
1 29051U 06011E   14299.42848918  .00000635  00000-0  26495-3 0  5791
2 29051  72.0073 334.1246 0070892 249.0904 110.2634 14.28096174447852
FORMOSAT-3 FM2          
1 29052U 06011F   14298.82372483  .00000879  00000-0  36610-3 0  6021
2 29052  72.0371  43.4984 0041978 338.1835 165.7431 14.28170556446080
CLOUDSAT                
1 29107U 06016A   14298.59569763  .00000830  00000-0  19424-3 0  8157
2 29107  98.2098 240.4780 0001355  78.9430 281.1901 14.57098688451825
CALIPSO                 
1 29108U 06016B   14298.59449968  .00001769  00000-0  40264-3 0  8352
2 29108  98.2094 240.0272 0001613  75.5636 284.5711 14.57108400451754
HINODE (SOLAR-B)        
1 29479U 06041A   14298.60746736  .00001107  00000-0  21999-3 0  5353
2 29479  98.1391 295.9535 0017471  19.5952 340.5918 14.64003774432064
SJ-6C                   
1 29505U 06046A   14299.41186487  .00001444  00000-0  14383-3 0  9299
2 29505  97.7772 292.0342 0004344  74.7873 285.3827 14.93140775435823
SJ-6D                   
1 29506U 06046B   14299.48885848  .00001427  00000-0  14555-3 0  8677
2 29506  97.7916 290.8960 0003764 114.7942  53.4238 14.92206949435615
AGILE                   
1 31135U 07013A   14298.97931810  .00011915  00000-0  46845-3 0   781
2 31135   2.4684  30.9311 0016117 167.8158 192.2286 15.21306367415934
AIM                     
1 31304U 07015A   14299.19598409  .00011920  00000-0  86607-3 0  4802
2 31304  97.8929  66.5932 0006049 164.5602 195.5809 15.04002091409340
FGRST (GLAST)           
1 33053U 08029A   14298.75487341  .00003743  00000-0  21330-3 0  6846
2 33053  25.5826  87.4701 0012646 288.6709  71.2452 15.08863134351201
IBEX                    
1 33401U 08051A   14305.55872538 -.00000824  00000-0  00000+0 0  1166
2 33401   4.8054 161.2297 4736132 336.1166   5.5773  0.10042927  2581
WISE                    
1 36119U 09071A   14298.75101807  .00008770  00000-0  38843-3 0  4019
2 36119  97.5121 308.8948 0004827 107.2085 252.9679 15.21867397269030
SDO                     
1 36395U 10005A   14299.13374729 -.00000031  00000-0  00000+0 0   662
2 36395  27.9928 158.0543 0001231 181.9083   0.5584  1.00274801 17405
CRYOSAT 2               
1 36508U 10013A   14299.45825640  .00000265  00000-0  64651-4 0  3843
2 36508  92.0231 328.9700 0009247  38.3626 321.8237 14.52181925241157
PICARD                  
1 36598U 10028A   14299.50994884  .00000550  00000-0  15308-3 0  7947
2 36598  98.3025 121.9183 0003065  71.1527 310.2851 14.50099687230927
SPEKTR-R                
1 37755U 11037A   14301.68469246  .00000522  00000-0  00000+0 0  1308
2 37755  53.8519 110.8458 7017083 180.8284   1.9877  0.11447502  1416
GCOM-W1 (SHIZUKU)       
1 38337U 12025A   14298.86532490  .00000914  00000-0  21280-3 0  9300
2 38337  98.2102 236.9787 0001072  61.4463 298.6880 14.57144548129796
NUSTAR                  
1 38358U 12031A   14299.04020249  .00005277  00000-0  52200-3 0  5753
2 38358   6.0267 105.4240 0011544  93.5258 266.6191 14.85127271128542
RBSP A                  
1 38752U 12046A   14298.37265804  .00000067  00000-0  14125-2 0  3573
2 38752  10.1081 279.9916 6822930 344.5975   2.0211  2.67348600 21014
RBSP B                  
1 38753U 12046B   14298.17348087 -.00000075  00000-0  10000-3 0  3789
2 38753  10.1132 283.3489 6830708 338.1057   2.9423  2.65867655 20914
NEOSSAT                 
1 39089U 13009D   14298.47618724  .00000300  00000-0  12306-3 0  5157
2 39089  98.6137 132.2095 0010008 276.2564  83.7480 14.34114376 86961
BRITE-AUSTRIA           
1 39091U 13009F   14299.46847823  .00000355  00000-0  14082-3 0  5089
2 39091  98.6133 133.7756 0009475 287.1502  72.8646 14.34748565 87146
UNIBRITE                
1 39092U 13009G   14299.10347754  .00000316  00000-0  12740-3 0  5175
2 39092  98.6133 133.2665 0008353 280.2178  79.8065 14.34620674 87083
IRIS                    
1 39197U 13033A   14298.62630283  .00001833  00000-0  26507-3 0  4413
2 39197  97.9029 121.1665 0029469  59.2756 301.1351 14.77074928 71486
HISAKI (SPRINT-A)       
1 39253U 13049A   14299.25218502  .00000103  00000-0  52387-4 0  3356
2 39253  29.7190 226.9744 0137398 121.5786 239.8278 13.55097119 55265
CASSIOPE                
1 39265U 13055A   14298.77622263  .00014659  00000-0  47620-3 0  3449
2 39265  80.9922 284.3629 0756291 141.5926 283.5810 14.06268343 54811
DANDE                   
1 39267U 13055C   14299.08895849  .00010796  00000-0  35371-3 0  3457
2 39267  80.9884 284.6792 0765543 142.7066 222.9885 14.04105914 54802
STSAT-3                 
1 39422U 13066G   14299.49022704  .00003448  00000-0  38338-3 0   515
2 39422  97.7714  10.5653 0023998 180.1026 180.0190 14.87597026 50380
BRITE-PL                
1 39431U 13066R   14298.73915597  .00001249  00000-0  28063-3 0  2841
2 39431  97.7331 347.8525 0203906 223.8009 134.6858 14.46133122 48879
SWARM B                 
1 39451U 13067A   14298.61968462  .00002073  00000-0  10000-3 0  3265
2 39451  87.7602 176.1636 0004197  82.2281 277.9547 15.18143613 51187
SWARM A                 
1 39452U 13067B   14298.85153725  .00007831  00000-0  22982-3 0  3113
2 39452  87.3552 160.7019 0003804  76.9740 283.1939 15.34982118 51628
SWARM C                 
1 39453U 13067C   14298.85145599  .00007974  00000-0  23404-3 0  3370
2 39453  87.3547 162.1024 0003847  76.4448 283.7234 15.34981454 51583
BRITE-TORONTO           
1 40020U 14033L   14299.28288619  .00001083  00000-0  19718-3 0  3913
2 40020  97.9575 189.9987 0089560 149.5182 211.1302 14.65507688 18716
OCO 2                   
1 40059U 14035A   14299.41245513  .00000954  00000-0  22162-3 0  1212
2 40059  98.2097 238.6986 0000886  57.5072 302.6207 14.57161899 16902
BRITE-PL 2              
1 40119U 14049B   14298.87410039 -.00000055  00000-0  00000+0 0   990
2 40119  98.0150  10.3487 0017580 359.8698   0.2693 14.82670186 10039
