ISS (ZARYA)             
1 25544U 98067A   14297.09121012  .00021622  00000-0  37497-3 0  2921
2 25544  51.6464 180.6117 0002419 297.8984 212.5827 15.50806957911324
TIANGONG 1              
1 37820U 11053A   14297.14640256  .00066152  00000-0  51222-3 0  5105
2 37820  42.7691 254.7324 0007160 165.0396 317.7727 15.70927921176294
FLOCK 1-12              
1 39528U 98067DT  14297.04571217  .03467535  11752-4  20898-2 0  7256
2 39528  51.6078 146.5138 0017042 256.1671 103.7450 16.17217169 39481
FLOCK 1-18              
1 39556U 98067DZ  14297.09687274  .01249324  10152-2  12383-2 0  6749
2 39556  51.6256 148.5051 0009931 244.8731 115.1253 16.10710470 37566
FLOCK 1-20              
1 39560U 98067ED  14282.09595074  .56843408  12272-4  48292-2 0  6023
2 39560  51.6284 222.3867 0010125 234.1225 125.8861 16.38490213 35184
SKYCUBE                 
1 39567U 98067EL  14297.06881278  .00484716  10536-3  12486-2 0  7004
2 39567  51.6263 152.1051 0006350 214.9854 145.0737 15.94587394 37245
CHASQUI-1               
1 40117U 98067ET  14297.12755972  .00120409  00000-0  14689-2 0  2218
2 40117  51.6461 178.6662 0006213 201.5311 281.7450 15.59556613 10328
FLOCK 1B-24             
1 40122U 98067EU  14297.20582358  .00073861  00000-0  98480-3 0  1983
2 40122  51.6445 178.5218 0001498 214.9221 225.2521 15.57439002 45915
FLOCK 1B-23             
1 40123U 98067EV  14297.15492738  .00080062  00000-0  10751-2 0  2032
2 40123  51.6461 178.8255 0002413 225.2035 270.8723 15.57213468 45909
FLOCK 1B-26             
1 40124U 98067EW  14297.24363608  .00178943  00000-0  20555-2 0  2057
2 40124  51.6441 178.0106 0005557 195.1303 254.9340 15.60908678 63951
FLOCK 1B-25             
1 40125U 98067EX  14297.14018228  .00075070  00000-0  98204-3 0  2001
2 40125  51.6441 178.7262 0004110 161.6089 331.0502 15.57934107 45932
FLOCK 1B-15             
1 40126U 98067EY  14297.13453255  .00094460  00000-0  12076-2 0  2145
2 40126  51.6431 178.6983 0002882 218.9327 267.3933 15.58448703 45950
FLOCK 1B-16             
1 40127U 98067EZ  14297.15150954  .00195757  00000-0  24203-2 0  1941
2 40127  51.6446 178.7986 0003261 226.7624 268.3595 15.58925661 45958
FLOCK 1B-1              
1 40131U 98067FA  14297.14316894  .00099851  00000-0  12974-2 0  1267
2 40131  51.6416 178.7465 0003902 254.7904 236.4833 15.57988113  9856
FLOCK 1B-2              
1 40132U 98067FB  14297.13670352  .00069363  00000-0  90544-3 0  1309
2 40132  51.6440 178.6465 0002569 236.7049 284.7071 15.58029809  9827
FLOCK 1B-8              
1 40133U 98067FC  14297.14661440  .00075146  00000-0  97076-3 0  1324
2 40133  51.6447 178.7731 0005142 234.0894 257.8740 15.58263606 46124
FLOCK 1B-7              
1 40134U 98067FD  14297.15052036  .00080859  00000-0  10682-2 0  1246
2 40134  51.6452 178.7982 0004020 241.0369 252.3192 15.57640937 46124
FLOCK 1B-18             
1 40139U 98067FE  14297.16628712  .00105056  00000-0  13837-2 0  1390
2 40139  51.6438 179.0269 0005841 219.5767 212.1638 15.57592967  7595
FLOCK 1B-17             
1 40140U 98067FF  14296.67073791  .00058141  00000-0  80768-3 0  1499
2 40140  51.6431 181.6776 0005732 236.7540 216.2488 15.56422029  7511
SOYUZ-TMA 14M           
1 40246U 14057A   14268.84278341 -.00003690  11668-4  00000+0 0    19
2 40246  52.0554 320.6198 0119978 105.0721 255.6490 16.09308761    01
