YAOGAN 23               
1 40305U 14071A   14346.85893882  .00008986  00000-0  44399-3 0   943
2 40305  97.3369 291.0281 0002867 122.2570 315.0209 15.18073429  4268
CZ-2C R/B               
1 40306U 14071B   14346.42574143  .00011443  00000-0  43137-3 0   348
2 40306  97.1423 289.9919 0023188 237.3843 122.5152 15.26965050  4214
CZ-2C DEB               
1 40307U 14071C   14346.56018395  .04283200  29204-1  77524-2 0   773
2 40307  97.0924 291.7584 0046387 192.6144 167.4166 16.03083141  4336
CZ-2C DEB               
1 40308U 14071D   14346.85227165  .00825330  22769-3  49818-2 0   669
2 40308  97.5032 293.3388 0079164 191.8558 168.0926 15.73142761  4365
CZ-2C DEB               
1 40309U 14071E   14345.79675537  .00039395  00000-0  26321-2 0   339
2 40309  97.1255 288.5829 0129243 111.9618 249.5052 15.00198931  4049
YAOGAN 24               
1 40310U 14072A   14346.71268049  .00001202  00000-0  18032-3 0   776
2 40310  97.9134 103.7157 0017890 144.8619 215.3787 14.76279891  3308
KUAIZHOU 2 (KZ-2)       
1 40311U 14073A   14346.81892909  .00268096  29329-4  68990-3 0   714
2 40311  96.5579  96.0904 0029887 280.2876 179.6696 15.94381185  3436
SOYUZ-TMA 15M           
1 40312U 14074A   14334.58703720  .00018277  00000-0  30871-3 0    69
2 40312  51.6481 354.5641 0007404  83.5665  60.4119 15.51651628  1049
COSMOS 2501 [GLONASS-K] 
1 40315U 14075A   14346.80024669 -.00000036  00000-0  00000+0 0   229
2 40315  64.8192 337.3294 0012733 242.0780 168.7371  2.12891996   263
FREGAT R/B              
1 40316U 14075B   14346.61874698 -.00000037  00000-0  00000+0 0   102
2 40316  64.8140 337.3533 0064158 128.9292 335.5618  2.08635118   244
DELTA 4 DEB             
1 40331U 14077C   14339.64685834  .00001658 -51995-5  00000+0 0    23
2 40331  28.8088  75.3760 0487889 152.3281 350.5163 15.12423772    08
GSAT 16                 
1 40332U 14078A   14345.74664966  .00000107  00000-0  00000+0 0    85
2 40332   0.1917 261.7847 0045168 124.2090   9.5580  1.00494631    82
DIRECTV 14              
1 40333U 14078B   14346.74719025 -.00000244  00000-0  00000+0 0   122
2 40333   0.0913 245.3739 0003147 168.1762 220.2560  1.00317871    80
ARIANE 5 R/B            
1 40334U 14078C   14344.14449446  .00005034  00000-0  11799-2 0    66
2 40334   6.1025 207.8444 7281789 182.0143 170.6623  2.28542240    71
ARIANE 5 DEB [SYLDA]    
1 40335U 14078D   14346.34047106  .00028598  00000-0  77092-2 0    88
2 40335   6.0175 208.4773 7280525 182.3253 169.9673  2.28314478   123
CBERS-4                 
1 40336U 14079A   14346.75184418  .00015228  00000-0  53057-2 0   253
2 40336  98.5449  58.9257 0000213 300.7804  59.3324 14.35427405   798
CZ-4B R/B               
1 40337U 14079B   14346.23683480  .00002384  00000-0  20331-3 0   349
2 40337  98.4492  58.7185 0185190 355.2099   4.7335 14.86536366   747
2014-080A               
1 40338U 14080A   14346.87376358 -.00000090  00000-0  00000+0 0   109
2 40338  63.4116 315.3301 0005723   0.0739   0.0282 13.44321255   285
2014-080B               
1 40339U 14080B   14346.87417217 -.00000090  00000-0  00000+0 0    98
2 40339  63.4098 315.3321 0004773 351.5285   8.5688 13.44050092   282
2014-080C               
1 40340U 14080C   14346.87485664 -.00000089  00000-0  00000+0 0   101
2 40340  63.3999 315.3167 0011655  28.6983 331.5229 13.41867927   285
2014-080D               
1 40341U 14080D   14346.61800612 -.00000096  00000-0  00000+0 0   117
2 40341  63.4694 315.8583 0131835  22.0390 338.6245 13.68943648   245
2014-080E               
1 40342U 14080E   14346.57691263 -.00000090  00000-0  00000+0 0    94
2 40342  63.4136 316.0941 0003158 344.7619  15.3310 13.43781353   240
2014-080F               
1 40343U 14080F   14346.79961569 -.00000090  00000-0  00000+0 0    87
2 40343  63.4131 315.5201 0004872   5.8902 354.2173 13.44159101   279